{
   "_versionMajor" : "0",
   "_versionMinor" : "2",
   "boundsCenter" : {
      "x" : -50,
      "y" : 1090,
      "z" : 80
   },
   "boundsSize" : {
      "x" : 800,
      "y" : 1748,
      "z" : 740
   },
   "crop" : {
      "w" : 0.3686330020427704,
      "x" : 0.2244359999895096,
      "y" : 0.3216040134429932,
      "z" : 0.5968260169029236
   },
   "depthFocalLength" : {
      "x" : 360.7864379882812,
      "y" : 365.6455688476562
   },
   "depthImageSize" : {
      "x" : 512,
      "y" : 424
   },
   "depthPrincipalPoint" : {
      "x" : 256.1656188964844,
      "y" : 204.4432830810547
   },
   "extrinsics" : {
      "e00" : 0.0629694014787674,
      "e01" : 0.9842050075531006,
      "e02" : -0.1314540058374405,
      "e03" : -1000.609985351562,
      "e10" : 0.9668099880218506,
      "e11" : -0.04384440183639526,
      "e12" : 0.275397002696991,
      "e13" : 113.0459976196289,
      "e20" : 0.2378350049257278,
      "e21" : -0.1426990032196045,
      "e22" : -0.9579700231552124,
      "e23" : 2384.860107421875,
      "e30" : 0,
      "e31" : 0,
      "e32" : 0,
      "e33" : 1
   },
   "farClip" : 2441.56005859375,
   "format" : "perpixel",
   "nearClip" : 1707.52001953125,
   "numAngles" : 1,
   "textureHeight" : 1024,
   "textureWidth" : 1024
}

