{
   "_versionMajor" : "0",
   "_versionMinor" : "2",
   "boundsCenter" : {
      "x" : 190,
      "y" : 1020,
      "z" : -200
   },
   "boundsSize" : {
      "x" : 1160,
      "y" : 1804.9599609375,
      "z" : 1100
   },
   "crop" : {
      "w" : 0.5193780064582825,
      "x" : 0.2124760001897812,
      "y" : 0.1725520044565201,
      "z" : 0.6347799897193909
   },
   "depthFocalLength" : {
      "x" : 3325.1708984375,
      "y" : 3399.070556640625
   },
   "depthImageSize" : {
      "x" : 4096,
      "y" : 2160
   },
   "depthPrincipalPoint" : {
      "x" : 1988.536987304688,
      "y" : 1085.140380859375
   },
   "extrinsics" : {
      "e00" : 0.1436773836612701,
      "e01" : 0.9899572134017944,
      "e02" : -0.1131675466895103,
      "e03" : -962.6381225585938,
      "e10" : 0.7397593259811401,
      "e11" : -0.008454789407551289,
      "e12" : 0.694025993347168,
      "e13" : -10.93337249755859,
      "e20" : 0.6639528870582581,
      "e21" : -0.167948454618454,
      "e22" : -0.7259015440940857,
      "e23" : 2388.85498046875,
      "e30" : 0,
      "e31" : 0,
      "e32" : 0,
      "e33" : 1
   },
   "farClip" : 2664.800048828125,
   "format" : "perpixel",
   "nearClip" : 2045.859985351562,
   "numAngles" : 1,
   "textureHeight" : 1024,
   "textureWidth" : 1024
}

