{
   "_versionMajor" : "0",
   "_versionMinor" : "2",
   "boundsCenter" : {
      "x" : 190,
      "y" : 1070,
      "z" : -200
   },
   "boundsSize" : {
      "x" : 1160,
      "y" : 1704.9599609375,
      "z" : 1100
   },
   "crop" : {
      "w" : 0.3195750117301941,
      "x" : 0.2679010033607483,
      "y" : 0.2897390127182007,
      "z" : 0.5556709766387939
   },
   "depthFocalLength" : {
      "x" : 360.7864379882812,
      "y" : 365.6455688476562
   },
   "depthImageSize" : {
      "x" : 512,
      "y" : 424
   },
   "depthPrincipalPoint" : {
      "x" : 256.1656188964844,
      "y" : 204.4432830810547
   },
   "extrinsics" : {
      "e00" : 0.1219870001077652,
      "e01" : 0.9934759736061096,
      "e02" : -0.1035149991512299,
      "e03" : -1016.489990234375,
      "e10" : 0.7914559841156006,
      "e11" : -0.01073469966650009,
      "e12" : 0.633201003074646,
      "e13" : 59.6515998840332,
      "e20" : 0.6061660051345825,
      "e21" : -0.1455460041761398,
      "e22" : -0.7808669805526733,
      "e23" : 2388.699951171875,
      "e30" : 0,
      "e31" : 0,
      "e32" : 0,
      "e33" : 1
   },
   "farClip" : 2598.2099609375,
   "format" : "perpixel",
   "nearClip" : 2073.22998046875,
   "numAngles" : 1,
   "textureHeight" : 1024,
   "textureWidth" : 1024
}

